SubjectID ActivityName TimeBodyAccelerometer.mean...X TimeBodyAccelerometer.mean...Y
1          1      WALKING                      0.2773308                    -0.01738382
2          2      WALKING                      0.2764266                    -0.01859492
3          3      WALKING                      0.2755675                    -0.01717678
4          4      WALKING                      0.2785820                    -0.01483995
5          5      WALKING                      0.2778423                    -0.01728503
6          6      WALKING                      0.2836589                    -0.01689542
7          7      WALKING                      0.2755930                    -0.01865367
8          8      WALKING                      0.2746863                    -0.01866289
9          9      WALKING                      0.2785028                    -0.01808920
10        10      WALKING                      0.2785741                    -0.01702235
11        11      WALKING                      0.2718219                    -0.01664758
12        12      WALKING                      0.2771287                    -0.01556093
13        13      WALKING                      0.2758831                    -0.01856607
14        14      WALKING                      0.2719596                    -0.02177854
   TimeBodyAccelerometer.mean...Z TimeBodyAccelerometer.std...X TimeBodyAccelerometer.std...Y
1                      -0.1111481                    -0.2837403                    0.11446134
2                      -0.1055004                    -0.4236428                   -0.07809125
3                      -0.1126749                    -0.3603567                   -0.06991407
4                      -0.1114031                    -0.4408300                   -0.07882674
5                      -0.1077418                    -0.2940985                    0.07674840
6                      -0.1103032                    -0.2965387                    0.16421388
7                      -0.1109122                    -0.3272432                   -0.07726186
8                      -0.1072521                    -0.1736057                    0.38078205
9                      -0.1108205                    -0.2383536                   -0.20169696
10                     -0.1090575                    -0.1787097                   -0.02274317
11                     -0.1060963                    -0.4228421                   -0.05221208
12                     -0.1031611                    -0.1288985                   -0.12278329
13                     -0.1114315                    -0.3469804                    0.14186669
14                     -0.1067564                    -0.4026391                   -0.05361267
   TimeBodyAccelerometer.std...Z TimeGravityAccelerometer.mean...X TimeGravityAccelerometer.mean...Y
1                    -0.26002790                         0.9352232                       -0.28216502
2                    -0.42525752                         0.9130173                       -0.34660709
3                    -0.38741199                         0.9365067                       -0.26198636
4                    -0.58625281                         0.9639997                       -0.08585403
5                    -0.45702144                         0.9726250                       -0.10044029
6                    -0.50432421                         0.9580675                       -0.21469485
7                     0.15963128                         0.9325665                       -0.15909700
8                    -0.14208853                         0.9135863                       -0.21710219
9                    -0.05796365                         0.9518671                       -0.03143417
10                   -0.39564507                         0.9630921                       -0.08382770
11                   -0.53062631                         0.9464685                       -0.21204587
12                   -0.41060606                         0.9668735                       -0.15598345
13                   -0.22050354                         0.9108557                       -0.28365858
14                    0.05188410                         0.8029740                       -0.27031482
   TimeGravityAccelerometer.mean...Z TimeGravityAccelerometer.std...X TimeGravityAccelerometer.std...Y
1                       -0.068102864                       -0.9766096                       -0.9713060
2                        0.084727087                       -0.9726932                       -0.9721169
3                       -0.138107866                       -0.9777716                       -0.9623556
4                        0.127764113                       -0.9838265                       -0.9679632
5                        0.002476236                       -0.9793484                       -0.9615855
6                        0.033188883                       -0.9777799                       -0.9642486
7                       -0.160846924                       -0.9798513                       -0.9694042
8                       -0.186267837                       -0.9747521                       -0.9567815
9                       -0.115856121                       -0.9809720                       -0.9712424
10                       0.054927624                       -0.9744352                       -0.9711147
11                       0.134053215                       -0.9811010                       -0.9662406
12                      -0.036084288                       -0.9791131                       -0.9646192
13                      -0.131299719                       -0.9725449                       -0.9608998
14                      -0.422495268                       -0.9748169                       -0.9544559
   TimeGravityAccelerometer.std...Z TimeBodyAccelerometerJerk.mean...X TimeBodyAccelerometerJerk.mean...Y
1                        -0.9477172                         0.07404163                        0.028272110
2                        -0.9720728                         0.06180807                        0.018249268
3                        -0.9520918                         0.08147459                        0.010059149
4                        -0.9629681                         0.07835291                        0.002956024
5                        -0.9645808                         0.08458888                       -0.016319410
6                        -0.9572050                         0.06995859                       -0.016483172
7                        -0.9521598                         0.09014626                        0.018432272
8                        -0.9566401                         0.07033935                       -0.006039475
9                        -0.9555240                         0.07043573                        0.021225591
10                       -0.9578627                         0.08579438                        0.004082488
11                       -0.9608527                         0.08297093                        0.012768248
12                       -0.9502762                         0.04576440                        0.019776695
13                       -0.9486376                         0.08095902                        0.003083645
14                       -0.9475170                         0.07208779                        0.024116024
   TimeBodyAccelerometerJerk.mean...Z TimeBodyAccelerometerJerk.std...X TimeBodyAccelerometerJerk.std...Y
1                       -4.168406e-03                       -0.11361560                       0.067002501
2                        7.895337e-03                       -0.27753046                      -0.016602236
3                       -5.622646e-03                       -0.26867964                      -0.044961959
4                       -7.676793e-04                       -0.29704261                      -0.221165132
5                        8.321594e-05                       -0.30289102                      -0.091039743
6                       -7.389312e-03                       -0.13278477                       0.008088974
7                       -2.103986e-02                       -0.34602623                      -0.054744895
8                       -6.737989e-04                       -0.25868863                       0.233987544
9                        4.147627e-03                       -0.20673379                      -0.276929934
10                      -1.629532e-02                       -0.05219910                       0.075080495
11                      -1.336483e-02                       -0.42851634                      -0.181419230
12                       5.025870e-03                       -0.01350661                      -0.089404969
13                       5.972490e-03                       -0.22091007                       0.056548877
14                       1.997230e-02                       -0.45449702                      -0.344339569
   TimeBodyAccelerometerJerk.std...Z TimeBodyGyroscope.mean...X TimeBodyGyroscope.mean...Y
1                         -0.5026998               -0.041830964                -0.06953005
2                         -0.5860904               -0.053025816                -0.04823823
3                         -0.5294861               -0.025640519                -0.07791509
4                         -0.7513914               -0.031798256                -0.07269053
5                         -0.6128953               -0.048891990                -0.06901352
6                         -0.5757775               -0.025509619                -0.07444625
7                         -0.1494885                0.002288352                -0.08371137
8                         -0.3832006                0.023508823                -0.09579179
9                         -0.4097645               -0.080836060                -0.06255987
10                        -0.5116629                0.010689498                -0.08195408
11                        -0.7206547               -0.042692900                -0.07051050
12                        -0.5122768               -0.104513671                -0.03442911
13                        -0.3746332               -0.017420763                -0.07984725
14                        -0.4727911               -0.003476551                -0.08296828
   TimeBodyGyroscope.mean...Z TimeBodyGyroscope.std...X TimeBodyGyroscope.std...Y TimeBodyGyroscope.std...Z
1                  0.08494482                -0.4735355               -0.05460777               -0.34426663
2                  0.08283366                -0.5615503               -0.53845367               -0.48108554
3                  0.08134859                -0.5718696               -0.56379326               -0.47669641
4                  0.08056772                -0.5009167               -0.66539409               -0.66260823
5                  0.08154355                -0.4908775               -0.50462203               -0.31870062
6                  0.08388088                -0.4460210               -0.33170227               -0.38313933
7                  0.06411046                -0.5033135               -0.23109831               -0.39601354
8                  0.05096579                -0.1992097               -0.21199728               -0.07544478
9                  0.11162978                -0.4761635               -0.46705417               -0.26568352
10                 0.09866957                -0.4142055               -0.25085332               -0.17452487
11                 0.08437445                -0.5963469               -0.49962529               -0.43417820
12                 0.09997391                -0.5462635               -0.44940140               -0.35017029
13                 0.07842056                -0.3760599               -0.29002355               -0.36336995
14                 0.05132227                -0.6003882               -0.01483926               -0.12609080
   TimeBodyGyroscopeJerk.mean...X TimeBodyGyroscopeJerk.mean...Y TimeBodyGyroscopeJerk.mean...Z
1                     -0.08999754                    -0.03984287                    -0.04613093
2                     -0.08188334                    -0.05382994                    -0.05149392
3                     -0.09523982                    -0.03878747                    -0.05036161
4                     -0.11532156                    -0.03934745                    -0.05511669
5                     -0.08884084                    -0.04495595                    -0.04826796
6                     -0.08788911                    -0.03623090                    -0.05395973
7                     -0.12365420                    -0.04477660                    -0.04957131
8                     -0.13588643                    -0.03148809                    -0.05226840
9                     -0.08092041                    -0.03562834                    -0.06334066
10                    -0.12270956                    -0.05192050                    -0.06112629
11                    -0.09182042                    -0.05141725                    -0.03426775
12                    -0.06223893                    -0.04985260                    -0.04673382
13                    -0.09665986                    -0.03198493                    -0.06366932
14                    -0.11065605                    -0.04389695                    -0.03888259
   TimeBodyGyroscopeJerk.std...X TimeBodyGyroscopeJerk.std...Y TimeBodyGyroscopeJerk.std...Z
1                     -0.2074219                    -0.3044685                    -0.4042555
2                     -0.3895498                    -0.6341404                    -0.4354927
3                     -0.3859230                    -0.6390880                    -0.5366641
4                     -0.4923411                    -0.8074199                    -0.6404541
5                     -0.3576814                    -0.5714381                    -0.1576825
6                     -0.1826009                    -0.4163902                    -0.1666844
7                     -0.2116673                    -0.1741364                    -0.4583030
8                     -0.2460828                    -0.4280557                    -0.3884470
9                     -0.5269853                    -0.5492002                    -0.4578815
10                    -0.3660637                    -0.5096833                    -0.3290795
11                    -0.5416164                    -0.7379938                    -0.5510799
12                    -0.3908072                    -0.5812907                    -0.4806422
13                    -0.2168121                    -0.3577609                    -0.3417658
14                    -0.5717599                    -0.5367377                    -0.4971877
   TimeBodyAccelerometerMagnitude.mean.. TimeBodyAccelerometerMagnitude.std..
1                            -0.13697118                           -0.2196886
2                            -0.29040759                           -0.4225442
3                            -0.25469033                           -0.3284289
4                            -0.31205057                           -0.5276791
5                            -0.15833867                           -0.3771787
6                            -0.16684071                           -0.2667342
7                            -0.09780904                           -0.1985547
8                             0.05167863                           -0.1804073
9                            -0.09808405                           -0.3794288
10                           -0.12740091                           -0.1856024
11                           -0.28832347                           -0.4877359
12                           -0.10220455                           -0.2369729
13                           -0.13564387                           -0.2925464
14                           -0.14440467                           -0.3638056
   TimeGravityAccelerometerMagnitude.mean.. TimeGravityAccelerometerMagnitude.std..
1                               -0.13697118                              -0.2196886
2                               -0.29040759                              -0.4225442
3                               -0.25469033                              -0.3284289
4                               -0.31205057                              -0.5276791
5                               -0.15833867                              -0.3771787
6                               -0.16684071                              -0.2667342
7                               -0.09780904                              -0.1985547
8                                0.05167863                              -0.1804073
9                               -0.09808405                              -0.3794288
10                              -0.12740091                              -0.1856024
11                              -0.28832347                              -0.4877359
12                              -0.10220455                              -0.2369729
13                              -0.13564387                              -0.2925464
14                              -0.14440467                              -0.3638056
   TimeBodyAccelerometerJerkMagnitude.mean.. TimeBodyAccelerometerJerkMagnitude.std..
1                                -0.14142881                              -0.07447175
2                                -0.28142415                              -0.16415099
3                                -0.28000932                              -0.13991636
4                                -0.36670088                              -0.31691896
5                                -0.28833302                              -0.28224228
6                                -0.19511703                              -0.07060296
7                                -0.19294890                              -0.02755733
8                                -0.06683224                              -0.18457105
9                                -0.20373362                              -0.31711349
10                               -0.13262499                               0.03760834
11                               -0.40233320                              -0.40314128
12                               -0.14406492                              -0.02028505
13                               -0.13320503                              -0.13178853
14                               -0.37729316                              -0.43974692
   TimeBodyGyroscopeMagnitude.mean.. TimeBodyGyroscopeMagnitude.std.. TimeBodyGyroscopeJerkMagnitude.mean..
1                       -0.160979553                       -0.1869784                            -0.2987037
2                       -0.446549093                       -0.5530199                            -0.5479120
3                       -0.466411754                       -0.5615107                            -0.5661352
4                       -0.497792201                       -0.5531161                            -0.6813040
5                       -0.355933084                       -0.4921768                            -0.4445325
6                       -0.281207841                       -0.3656029                            -0.3212905
7                       -0.305959351                       -0.1982832                            -0.3000228
8                       -0.003102438                       -0.2387467                            -0.3391293
9                       -0.294542267                       -0.4897258                            -0.5102540
10                      -0.156458730                       -0.4020251                            -0.4403636
11                      -0.421801674                       -0.5583628                            -0.6307327
12                      -0.355930365                       -0.4132083                            -0.5174938
13                      -0.218669558                       -0.2532401                            -0.3035082
14                      -0.137208742                       -0.2014019                            -0.5198950
   TimeBodyGyroscopeJerkMagnitude.std.. FrequencyBodyAccelerometer.mean...X
1                           -0.32532488                         -0.20279431
2                           -0.55779815                         -0.34604816
3                           -0.56737156                         -0.31661401
4                           -0.73014637                         -0.42671945
5                           -0.48919975                         -0.28778261
6                           -0.36470834                         -0.18793432
7                           -0.09534012                         -0.34304841
8                           -0.50295726                         -0.24738901
9                           -0.59986647                         -0.29471116
10                          -0.50102792                         -0.11419000
11                          -0.75367142                         -0.39653373
12                          -0.54889045                         -0.05435764
13                          -0.32211838                         -0.33503012
14                          -0.60610331                         -0.42149817
   FrequencyBodyAccelerometer.mean...Y FrequencyBodyAccelerometer.mean...Z FrequencyBodyAccelerometer.std...X
1                          0.089712726                         -0.33156012                         -0.3191347
2                         -0.021904810                         -0.45380637                         -0.4576514
3                         -0.081302435                         -0.41237407                         -0.3792768
4                         -0.149399633                         -0.63100547                         -0.4472349
5                          0.009460378                         -0.49025109                         -0.2975174
6                          0.140781622                         -0.49852016                         -0.3452277
7                         -0.064156420                          0.03858323                         -0.3220349
8                          0.316982393                         -0.23863459                         -0.1483869
9                         -0.257677616                         -0.25080626                         -0.2180200
10                         0.053391191                         -0.41218272                         -0.2063665
11                        -0.083047844                         -0.61640291                         -0.4337033
12                        -0.071302455                         -0.42232530                         -0.1607073
13                         0.095515067                         -0.24685151                         -0.3532998
14                        -0.174601845                         -0.17736643                         -0.3958600
   FrequencyBodyAccelerometer.std...Y FrequencyBodyAccelerometer.std...Z
1                          0.05604001                        -0.27968675
2                         -0.16921969                        -0.45522215
3                         -0.12403083                        -0.42299847
4                         -0.10179945                        -0.59419833
5                          0.04260268                        -0.48305996
6                          0.10169964                        -0.55047462
7                         -0.14372182                         0.13331683
8                          0.32484493                        -0.15843734
9                         -0.22397256                        -0.03379653
10                        -0.12977571                        -0.43530422
11                        -0.09660683                        -0.52309339
12                        -0.20851528                        -0.45214669
13                         0.09219689                        -0.26989640
14                        -0.05427100                         0.08548921
   FrequencyBodyAccelerometerJerk.mean...X FrequencyBodyAccelerometerJerk.mean...Y
1                               -0.1705470                             -0.03522552
2                               -0.3046153                             -0.07876408
3                               -0.3046944                             -0.14050859
4                               -0.3588834                             -0.27955339
5                               -0.3449548                             -0.18105555
6                               -0.1509429                             -0.07537423
7                               -0.3837158                             -0.12319289
8                               -0.3111987                              0.07968329
9                               -0.3142654                             -0.36770660
10                              -0.1079411                              0.03090520
11                              -0.4532653                             -0.24180173
12                              -0.0816198                             -0.14137407
13                              -0.2904608                             -0.04391951
14                              -0.4723606                             -0.37676660
   FrequencyBodyAccelerometerJerk.mean...Z FrequencyBodyAccelerometerJerk.std...X
1                               -0.4689992                            -0.13358661
2                               -0.5549567                            -0.31431306
3                               -0.5141373                            -0.29659663
4                               -0.7289916                            -0.29732607
5                               -0.5904966                            -0.32139032
6                               -0.5414386                            -0.19269469
7                               -0.1064904                            -0.36531479
8                               -0.3615633                            -0.27144819
9                               -0.3995412                            -0.17022834
10                              -0.4640205                            -0.07915183
11                              -0.6925939                            -0.45394304
12                              -0.4913862                            -0.03105929
13                              -0.3422637                            -0.21971616
14                              -0.4158992                            -0.48479771
   FrequencyBodyAccelerometerJerk.std...Y FrequencyBodyAccelerometerJerk.std...Z
1                             0.106739857                             -0.5347134
2                            -0.015332952                             -0.6158982
3                            -0.005614988                             -0.5435291
4                            -0.209900006                             -0.7723591
5                            -0.054521360                             -0.6334300
6                             0.031445068                             -0.6086244
7                            -0.043191746                             -0.1907515
8                             0.315883536                             -0.4044825
9                            -0.228380473                             -0.4191044
10                            0.048486767                             -0.5585127
11                           -0.170177403                             -0.7475646
12                           -0.094056408                             -0.5314863
13                            0.094674160                             -0.4061734
14                           -0.353526894                             -0.5288895
   FrequencyBodyGyroscope.mean...X FrequencyBodyGyroscope.mean...Y FrequencyBodyGyroscope.mean...Z
1                       -0.3390322                      -0.1030594                      -0.2559409
2                       -0.4297135                      -0.5547721                      -0.3966599
3                       -0.4378458                      -0.5615263                      -0.4181262
4                       -0.3733845                      -0.6884601                      -0.6013811
5                       -0.3726687                      -0.5139517                      -0.2131270
6                       -0.2396507                      -0.3413784                      -0.2035755
7                       -0.3183951                      -0.1519667                      -0.3667336
8                       -0.1020631                      -0.2597297                      -0.1329022
9                       -0.3836761                      -0.4369059                      -0.2402225
10                      -0.2779138                      -0.3452090                      -0.1085300
11                      -0.5147533                      -0.5931074                      -0.3982933
12                      -0.4019759                      -0.4678863                      -0.3172825
13                      -0.1928565                      -0.2562136                      -0.2766080
14                      -0.5085959                      -0.2158949                      -0.2129258
   FrequencyBodyGyroscope.std...X FrequencyBodyGyroscope.std...Y FrequencyBodyGyroscope.std...Z
1                      -0.5166919                    -0.03350816                     -0.4365622
2                      -0.6040530                    -0.53304695                     -0.5598566
3                      -0.6151214                    -0.56888867                     -0.5458964
4                      -0.5426468                    -0.65465777                     -0.7164585
5                      -0.5293928                    -0.50268338                     -0.4203671
6                      -0.5153239                    -0.33200871                     -0.5122092
7                      -0.5636153                    -0.29085938                     -0.4632700
8                      -0.2342520                    -0.19080572                     -0.1429742
9                      -0.5074045                    -0.49099034                     -0.3423672
10                     -0.4582929                    -0.20439282                     -0.2732929
11                     -0.6231503                    -0.45366318                     -0.4985546
12                     -0.5931429                    -0.44379833                     -0.4222565
13                     -0.4357147                    -0.31861851                     -0.4553339
14                     -0.6300821                     0.08329506                     -0.1802329
   FrequencyBodyAccelerometerMagnitude.mean.. FrequencyBodyAccelerometerMagnitude.std..
1                                 -0.12862345                                -0.3980326
2                                 -0.32428943                                -0.5771052
3                                 -0.29003154                                -0.4563731
4                                 -0.45080456                                -0.6511726
5                                 -0.30499249                                -0.5196369
6                                 -0.20138661                                -0.4216831
7                                 -0.15124365                                -0.3517068
8                                 -0.09521728                                -0.3608190
9                                 -0.31880102                                -0.5138920
10                                -0.09302374                                -0.3704719
11                                -0.45851406                                -0.5844560
12                                -0.15311600                                -0.4088963
13                                -0.23460087                                -0.4383890
14                                -0.37351677                                -0.4574900
   FrequencyBodyBodyAccelerometerJerkMagnitude.mean.. FrequencyBodyBodyAccelerometerJerkMagnitude.std..
1                                         -0.05711940                                       -0.10349240
2                                         -0.16906435                                       -0.16409197
3                                         -0.18676452                                       -0.08985199
4                                         -0.31858781                                       -0.32045870
5                                         -0.26948166                                       -0.30568538
6                                         -0.05540142                                       -0.09649997
7                                         -0.03841873                                       -0.02213836
8                                         -0.12383441                                       -0.27643613
9                                         -0.31687072                                       -0.32233754
10                                         0.02051895                                        0.05020876
11                                        -0.39511613                                       -0.41744682
12                                        -0.02991243                                       -0.01395391
13                                        -0.15211150                                       -0.11359192
14                                        -0.43159145                                       -0.45342601
   FrequencyBodyBodyGyroscopeMagnitude.mean.. FrequencyBodyBodyGyroscopeMagnitude.std..
1                                  -0.1992526                                -0.3210180
2                                  -0.5307048                                -0.6517928
3                                  -0.5697558                                -0.6326433
4                                  -0.6092856                                -0.5939372
5                                  -0.4842628                                -0.5897415
6                                  -0.3296811                                -0.5106483
7                                  -0.1929098                                -0.3438949
8                                  -0.3012418                                -0.3274596
9                                  -0.5137975                                -0.5627145
10                                 -0.4126169                                -0.4997598
11                                 -0.6102226                                -0.5997454
12                                 -0.4425038                                -0.4948022
13                                 -0.2674724                                -0.3799518
14                                 -0.3113864                                -0.2655046
   FrequencyBodyBodyGyroscopeJerkMagnitude.mean.. FrequencyBodyBodyGyroscopeJerkMagnitude.std..
1                                      -0.3193086                                   -0.38160191
2                                      -0.5832493                                   -0.55810455
3                                      -0.6077516                                   -0.54908701
4                                      -0.7243274                                   -0.75776808
5                                      -0.5480536                                   -0.45566530
6                                      -0.3665005                                   -0.40807891
7                                      -0.1553399                                   -0.08416638
8                                      -0.4730262                                   -0.58124019
9                                      -0.6025816                                   -0.62435192
10                                     -0.5150653                                   -0.51767580
11                                     -0.7519145                                   -0.77357406
12                                     -0.5611764                                   -0.56493401
13                                     -0.3385271                                   -0.34928561
14                                     -0.5910369                                   -0.65567766
 [ reached 'max' / getOption("max.print") -- omitted 166 rows ]
